0.0000000000000000e+00 0.0000000000000000e+00 0.0000000000000000e+00 
1.1111111111111110e-01 0.0000000000000000e+00 0.0000000000000000e+00 
2.2222222222222221e-01 0.0000000000000000e+00 0.0000000000000000e+00 
3.3333333333333331e-01 0.0000000000000000e+00 0.0000000000000000e+00 
0.0000000000000000e+00 1.1111111111111110e-01 0.0000000000000000e+00 
1.1111111111111110e-01 1.1111111111111110e-01 1.6695409935732472e-02 
2.2222222222222221e-01 1.1111111111111110e-01 2.6384229737392434e-02 
3.3333333333333331e-01 1.1111111111111110e-01 3.2307220164839882e-02 
0.0000000000000000e+00 2.2222222222222221e-01 0.0000000000000000e+00 
1.1111111111111110e-01 2.2222222222222221e-01 2.6384229737392437e-02 
2.2222222222222221e-01 2.2222222222222221e-01 4.3822039423109312e-02 
3.3333333333333331e-01 2.2222222222222221e-01 5.4808462311382131e-02 
0.0000000000000000e+00 3.3333333333333331e-01 0.0000000000000000e+00 
1.1111111111111110e-01 3.3333333333333331e-01 3.2307220164839869e-02 
2.2222222222222221e-01 3.3333333333333331e-01 5.4808462311382124e-02 
3.3333333333333331e-01 3.3333333333333331e-01 6.9503353007677876e-02 
3.3333333333333331e-01 0.0000000000000000e+00 0.0000000000000000e+00 
4.4444444444444442e-01 0.0000000000000000e+00 0.0000000000000000e+00 
5.5555555555555558e-01 0.0000000000000000e+00 0.0000000000000000e+00 
6.6666666666666663e-01 0.0000000000000000e+00 0.0000000000000000e+00 
3.3333333333333331e-01 1.1111111111111110e-01 3.2307220164839882e-02 
4.4444444444444442e-01 1.1111111111111110e-01 3.5420359944095099e-02 
5.5555555555555558e-01 1.1111111111111110e-01 3.5995187284624593e-02 
6.6666666666666663e-01 1.1111111111111110e-01 3.3856968800852615e-02 
3.3333333333333331e-01 2.2222222222222221e-01 5.4808462311382131e-02 
4.4444444444444442e-01 2.2222222222222221e-01 6.0697338349636261e-02 
5.5555555555555558e-01 2.2222222222222221e-01 6.1867454033129446e-02 
6.6666666666666663e-01 2.2222222222222221e-01 5.7965964639995357e-02 
3.3333333333333331e-01 3.3333333333333331e-01 6.9503353007677876e-02 
4.4444444444444442e-01 3.3333333333333331e-01 7.7582150544315068e-02 
5.5555555555555558e-01 3.3333333333333331e-01 7.9370755476485644e-02 
6.6666666666666663e-01 3.3333333333333331e-01 7.4339944495307855e-02 
6.6666666666666663e-01 0.0000000000000000e+00 0.0000000000000000e+00 
7.7777777777777779e-01 0.0000000000000000e+00 0.0000000000000000e+00 
8.8888888888888884e-01 0.0000000000000000e+00 0.0000000000000000e+00 
1.0000000000000000e+00 0.0000000000000000e+00 0.0000000000000000e+00 
6.6666666666666663e-01 1.1111111111111110e-01 3.3856968800852615e-02 
7.7777777777777779e-01 1.1111111111111110e-01 2.8386861793144608e-02 
8.8888888888888884e-01 1.1111111111111110e-01 1.8285593992971097e-02 
1.0000000000000000e+00 1.1111111111111110e-01 0.0000000000000000e+00 
6.6666666666666663e-01 2.2222222222222221e-01 5.7965964639995357e-02 
7.7777777777777779e-01 2.2222222222222221e-01 4.7912333943916710e-02 
8.8888888888888884e-01 2.2222222222222221e-01 2.9646797449644460e-02 
1.0000000000000000e+00 2.2222222222222221e-01 0.0000000000000000e+00 
6.6666666666666663e-01 3.3333333333333331e-01 7.4339944495307855e-02 
7.7777777777777779e-01 3.3333333333333331e-01 6.1094024576568311e-02 
8.8888888888888884e-01 3.3333333333333331e-01 3.7346767867972114e-02 
1.0000000000000000e+00 3.3333333333333331e-01 0.0000000000000000e+00 
0.0000000000000000e+00 3.3333333333333331e-01 0.0000000000000000e+00 
1.1111111111111110e-01 3.3333333333333331e-01 3.2307220164839869e-02 
2.2222222222222221e-01 3.3333333333333331e-01 5.4808462311382124e-02 
3.3333333333333331e-01 3.3333333333333331e-01 6.9503353007677876e-02 
0.0000000000000000e+00 4.4444444444444442e-01 0.0000000000000000e+00 
1.1111111111111110e-01 4.4444444444444442e-01 3.5420359944095078e-02 
2.2222222222222221e-01 4.4444444444444442e-01 6.0697338349636226e-02 
3.3333333333333331e-01 4.4444444444444442e-01 7.7582150544314998e-02 
0.0000000000000000e+00 5.5555555555555558e-01 0.0000000000000000e+00 
1.1111111111111110e-01 5.5555555555555558e-01 3.5995187284624558e-02 
2.2222222222222221e-01 5.5555555555555558e-01 6.1867454033129363e-02 
3.3333333333333331e-01 5.5555555555555558e-01 7.9370755476485533e-02 
0.0000000000000000e+00 6.6666666666666663e-01 0.0000000000000000e+00 
1.1111111111111110e-01 6.6666666666666663e-01 3.3856968800852580e-02 
2.2222222222222221e-01 6.6666666666666663e-01 5.7965964639995281e-02 
3.3333333333333331e-01 6.6666666666666663e-01 7.4339944495307730e-02 
3.3333333333333331e-01 3.3333333333333331e-01 6.9503353007677876e-02 
4.4444444444444442e-01 3.3333333333333331e-01 7.7582150544315068e-02 
5.5555555555555558e-01 3.3333333333333331e-01 7.9370755476485644e-02 
6.6666666666666663e-01 3.3333333333333331e-01 7.4339944495307855e-02 
3.3333333333333331e-01 4.4444444444444442e-01 7.7582150544314998e-02 
4.4444444444444442e-01 4.4444444444444442e-01 8.7124299680102144e-02 
5.5555555555555558e-01 4.4444444444444442e-01 8.9534084267612835e-02 
6.6666666666666663e-01 4.4444444444444442e-01 8.4118978969898242e-02 
3.3333333333333331e-01 5.5555555555555558e-01 7.9370755476485533e-02 
4.4444444444444442e-01 5.5555555555555558e-01 8.9534084267612765e-02 
5.5555555555555558e-01 5.5555555555555558e-01 9.2511826564290273e-02 
6.6666666666666663e-01 5.5555555555555558e-01 8.7480800071812859e-02 
3.3333333333333331e-01 6.6666666666666663e-01 7.4339944495307730e-02 
4.4444444444444442e-01 6.6666666666666663e-01 8.4118978969898076e-02 
5.5555555555555558e-01 6.6666666666666663e-01 8.7480800071812803e-02 
6.6666666666666663e-01 6.6666666666666663e-01 8.3569499856875729e-02 
6.6666666666666663e-01 3.3333333333333331e-01 7.4339944495307855e-02 
7.7777777777777779e-01 3.3333333333333331e-01 6.1094024576568311e-02 
8.8888888888888884e-01 3.3333333333333331e-01 3.7346767867972114e-02 
1.0000000000000000e+00 3.3333333333333331e-01 0.0000000000000000e+00 
6.6666666666666663e-01 4.4444444444444442e-01 8.4118978969898242e-02 
7.7777777777777779e-01 4.4444444444444442e-01 6.9234717809983859e-02 
8.8888888888888884e-01 4.4444444444444442e-01 4.2315668430671673e-02 
1.0000000000000000e+00 4.4444444444444442e-01 0.0000000000000000e+00 
6.6666666666666663e-01 5.5555555555555558e-01 8.7480800071812859e-02 
7.7777777777777779e-01 5.5555555555555558e-01 7.2550101608950771e-02 
8.8888888888888884e-01 5.5555555555555558e-01 4.4718593892793042e-02 
1.0000000000000000e+00 5.5555555555555558e-01 0.0000000000000000e+00 
6.6666666666666663e-01 6.6666666666666663e-01 8.3569499856875729e-02 
7.7777777777777779e-01 6.6666666666666663e-01 7.0300356728103378e-02 
8.8888888888888884e-01 6.6666666666666663e-01 4.4126082739490140e-02 
1.0000000000000000e+00 6.6666666666666663e-01 0.0000000000000000e+00 
0.0000000000000000e+00 6.6666666666666663e-01 0.0000000000000000e+00 
1.1111111111111110e-01 6.6666666666666663e-01 3.3856968800852580e-02 
2.2222222222222221e-01 6.6666666666666663e-01 5.7965964639995281e-02 
3.3333333333333331e-01 6.6666666666666663e-01 7.4339944495307730e-02 
0.0000000000000000e+00 7.7777777777777779e-01 0.0000000000000000e+00 
1.1111111111111110e-01 7.7777777777777779e-01 2.8386861793144581e-02 
2.2222222222222221e-01 7.7777777777777779e-01 4.7912333943916634e-02 
3.3333333333333331e-01 7.7777777777777779e-01 6.1094024576568151e-02 
0.0000000000000000e+00 8.8888888888888884e-01 0.0000000000000000e+00 
1.1111111111111110e-01 8.8888888888888884e-01 1.8285593992971073e-02 
2.2222222222222221e-01 8.8888888888888884e-01 2.9646797449644414e-02 
3.3333333333333331e-01 8.8888888888888884e-01 3.7346767867972051e-02 
0.0000000000000000e+00 1.0000000000000000e+00 0.0000000000000000e+00 
1.1111111111111110e-01 1.0000000000000000e+00 0.0000000000000000e+00 
2.2222222222222221e-01 1.0000000000000000e+00 0.0000000000000000e+00 
3.3333333333333331e-01 1.0000000000000000e+00 0.0000000000000000e+00 
3.3333333333333331e-01 6.6666666666666663e-01 7.4339944495307730e-02 
4.4444444444444442e-01 6.6666666666666663e-01 8.4118978969898076e-02 
5.5555555555555558e-01 6.6666666666666663e-01 8.7480800071812803e-02 
6.6666666666666663e-01 6.6666666666666663e-01 8.3569499856875729e-02 
3.3333333333333331e-01 7.7777777777777779e-01 6.1094024576568151e-02 
4.4444444444444442e-01 7.7777777777777779e-01 6.9234717809983637e-02 
5.5555555555555558e-01 7.7777777777777779e-01 7.2550101608950590e-02 
6.6666666666666663e-01 7.7777777777777779e-01 7.0300356728103267e-02 
3.3333333333333331e-01 8.8888888888888884e-01 3.7346767867972051e-02 
4.4444444444444442e-01 8.8888888888888884e-01 4.2315668430671582e-02 
5.5555555555555558e-01 8.8888888888888884e-01 4.4718593892792965e-02 
6.6666666666666663e-01 8.8888888888888884e-01 4.4126082739490084e-02 
3.3333333333333331e-01 1.0000000000000000e+00 0.0000000000000000e+00 
4.4444444444444442e-01 1.0000000000000000e+00 0.0000000000000000e+00 
5.5555555555555558e-01 1.0000000000000000e+00 0.0000000000000000e+00 
6.6666666666666663e-01 1.0000000000000000e+00 0.0000000000000000e+00 
6.6666666666666663e-01 6.6666666666666663e-01 8.3569499856875729e-02 
7.7777777777777779e-01 6.6666666666666663e-01 7.0300356728103378e-02 
8.8888888888888884e-01 6.6666666666666663e-01 4.4126082739490140e-02 
1.0000000000000000e+00 6.6666666666666663e-01 0.0000000000000000e+00 
6.6666666666666663e-01 7.7777777777777779e-01 7.0300356728103267e-02 
7.7777777777777779e-01 7.7777777777777779e-01 6.0547377579470152e-02 
8.8888888888888884e-01 7.7777777777777779e-01 3.9317216011244396e-02 
1.0000000000000000e+00 7.7777777777777779e-01 0.0000000000000000e+00 
6.6666666666666663e-01 8.8888888888888884e-01 4.4126082739490084e-02 
7.7777777777777779e-01 8.8888888888888884e-01 3.9317216011244382e-02 
8.8888888888888884e-01 8.8888888888888884e-01 2.7513479496175053e-02 
1.0000000000000000e+00 8.8888888888888884e-01 0.0000000000000000e+00 
6.6666666666666663e-01 1.0000000000000000e+00 0.0000000000000000e+00 
7.7777777777777779e-01 1.0000000000000000e+00 0.0000000000000000e+00 
8.8888888888888884e-01 1.0000000000000000e+00 0.0000000000000000e+00 
1.0000000000000000e+00 1.0000000000000000e+00 0.0000000000000000e+00 
