0.0000000000000000e+00 0.0000000000000000e+00 0.0000000000000000e+00 
1.1111111111111110e-01 0.0000000000000000e+00 0.0000000000000000e+00 
2.2222222222222221e-01 0.0000000000000000e+00 0.0000000000000000e+00 
3.3333333333333331e-01 0.0000000000000000e+00 0.0000000000000000e+00 
0.0000000000000000e+00 1.1111111111111110e-01 0.0000000000000000e+00 
1.1111111111111110e-01 1.1111111111111110e-01 1.6695409935732472e-02 
2.2222222222222221e-01 1.1111111111111110e-01 2.6384229737392434e-02 
3.3333333333333331e-01 1.1111111111111110e-01 3.2307220164839882e-02 
0.0000000000000000e+00 2.2222222222222221e-01 0.0000000000000000e+00 
1.1111111111111110e-01 2.2222222222222221e-01 2.6384229737392437e-02 
2.2222222222222221e-01 2.2222222222222221e-01 4.3822039423109312e-02 
3.3333333333333331e-01 2.2222222222222221e-01 5.4808462311382131e-02 
0.0000000000000000e+00 3.3333333333333331e-01 0.0000000000000000e+00 
1.1111111111111110e-01 3.3333333333333331e-01 3.2307220164839869e-02 
2.2222222222222221e-01 3.3333333333333331e-01 5.4808462311382124e-02 
3.3333333333333331e-01 3.3333333333333331e-01 6.9503353007677876e-02 
0.0000000000000000e+00 0.0000000000000000e+00 0.0000000000000000e+00 
1.1111111111111110e-01 0.0000000000000000e+00 0.0000000000000000e+00 
2.2222222222222221e-01 0.0000000000000000e+00 0.0000000000000000e+00 
3.3333333333333331e-01 0.0000000000000000e+00 0.0000000000000000e+00 
0.0000000000000000e+00 1.1111111111111110e-01 0.0000000000000000e+00 
1.1111111111111110e-01 1.1111111111111110e-01 1.6695409935732472e-02 
2.2222222222222221e-01 1.1111111111111110e-01 2.6384229737392434e-02 
3.3333333333333331e-01 1.1111111111111110e-01 3.2307220164839882e-02 
0.0000000000000000e+00 2.2222222222222221e-01 0.0000000000000000e+00 
1.1111111111111110e-01 2.2222222222222221e-01 2.6384229737392437e-02 
2.2222222222222221e-01 2.2222222222222221e-01 4.3822039423109312e-02 
3.3333333333333331e-01 2.2222222222222221e-01 5.4808462311382131e-02 
0.0000000000000000e+00 3.3333333333333331e-01 0.0000000000000000e+00 
1.1111111111111110e-01 3.3333333333333331e-01 3.2307220164839869e-02 
2.2222222222222221e-01 3.3333333333333331e-01 5.4808462311382124e-02 
3.3333333333333331e-01 3.3333333333333331e-01 6.9503353007677876e-02 
0.0000000000000000e+00 0.0000000000000000e+00 0.0000000000000000e+00 
1.1111111111111110e-01 0.0000000000000000e+00 0.0000000000000000e+00 
2.2222222222222221e-01 0.0000000000000000e+00 0.0000000000000000e+00 
3.3333333333333331e-01 0.0000000000000000e+00 0.0000000000000000e+00 
0.0000000000000000e+00 1.1111111111111110e-01 0.0000000000000000e+00 
1.1111111111111110e-01 1.1111111111111110e-01 1.6695409935732472e-02 
2.2222222222222221e-01 1.1111111111111110e-01 2.6384229737392434e-02 
3.3333333333333331e-01 1.1111111111111110e-01 3.2307220164839882e-02 
0.0000000000000000e+00 2.2222222222222221e-01 0.0000000000000000e+00 
1.1111111111111110e-01 2.2222222222222221e-01 2.6384229737392437e-02 
2.2222222222222221e-01 2.2222222222222221e-01 4.3822039423109312e-02 
3.3333333333333331e-01 2.2222222222222221e-01 5.4808462311382131e-02 
0.0000000000000000e+00 3.3333333333333331e-01 0.0000000000000000e+00 
1.1111111111111110e-01 3.3333333333333331e-01 3.2307220164839869e-02 
2.2222222222222221e-01 3.3333333333333331e-01 5.4808462311382124e-02 
3.3333333333333331e-01 3.3333333333333331e-01 6.9503353007677876e-02 
0.0000000000000000e+00 3.3333333333333331e-01 0.0000000000000000e+00 
1.1111111111111110e-01 3.3333333333333331e-01 3.2307220164839869e-02 
2.2222222222222221e-01 3.3333333333333331e-01 5.4808462311382124e-02 
3.3333333333333331e-01 3.3333333333333331e-01 6.9503353007677876e-02 
0.0000000000000000e+00 4.4444444444444442e-01 0.0000000000000000e+00 
1.1111111111111110e-01 4.4444444444444442e-01 3.5420359944095078e-02 
2.2222222222222221e-01 4.4444444444444442e-01 6.0697338349636226e-02 
3.3333333333333331e-01 4.4444444444444442e-01 7.7582150544314998e-02 
0.0000000000000000e+00 5.5555555555555558e-01 0.0000000000000000e+00 
1.1111111111111110e-01 5.5555555555555558e-01 3.5995187284624558e-02 
2.2222222222222221e-01 5.5555555555555558e-01 6.1867454033129363e-02 
3.3333333333333331e-01 5.5555555555555558e-01 7.9370755476485533e-02 
0.0000000000000000e+00 6.6666666666666663e-01 0.0000000000000000e+00 
1.1111111111111110e-01 6.6666666666666663e-01 3.3856968800852580e-02 
2.2222222222222221e-01 6.6666666666666663e-01 5.7965964639995281e-02 
3.3333333333333331e-01 6.6666666666666663e-01 7.4339944495307730e-02 
0.0000000000000000e+00 3.3333333333333331e-01 0.0000000000000000e+00 
1.1111111111111110e-01 3.3333333333333331e-01 3.2307220164839869e-02 
2.2222222222222221e-01 3.3333333333333331e-01 5.4808462311382124e-02 
3.3333333333333331e-01 3.3333333333333331e-01 6.9503353007677876e-02 
0.0000000000000000e+00 4.4444444444444442e-01 0.0000000000000000e+00 
1.1111111111111110e-01 4.4444444444444442e-01 3.5420359944095078e-02 
2.2222222222222221e-01 4.4444444444444442e-01 6.0697338349636226e-02 
3.3333333333333331e-01 4.4444444444444442e-01 7.7582150544314998e-02 
0.0000000000000000e+00 5.5555555555555558e-01 0.0000000000000000e+00 
1.1111111111111110e-01 5.5555555555555558e-01 3.5995187284624558e-02 
2.2222222222222221e-01 5.5555555555555558e-01 6.1867454033129363e-02 
3.3333333333333331e-01 5.5555555555555558e-01 7.9370755476485533e-02 
0.0000000000000000e+00 6.6666666666666663e-01 0.0000000000000000e+00 
1.1111111111111110e-01 6.6666666666666663e-01 3.3856968800852580e-02 
2.2222222222222221e-01 6.6666666666666663e-01 5.7965964639995281e-02 
3.3333333333333331e-01 6.6666666666666663e-01 7.4339944495307730e-02 
0.0000000000000000e+00 3.3333333333333331e-01 0.0000000000000000e+00 
1.1111111111111110e-01 3.3333333333333331e-01 3.2307220164839869e-02 
2.2222222222222221e-01 3.3333333333333331e-01 5.4808462311382124e-02 
3.3333333333333331e-01 3.3333333333333331e-01 6.9503353007677876e-02 
0.0000000000000000e+00 4.4444444444444442e-01 0.0000000000000000e+00 
1.1111111111111110e-01 4.4444444444444442e-01 3.5420359944095078e-02 
2.2222222222222221e-01 4.4444444444444442e-01 6.0697338349636226e-02 
3.3333333333333331e-01 4.4444444444444442e-01 7.7582150544314998e-02 
0.0000000000000000e+00 5.5555555555555558e-01 0.0000000000000000e+00 
1.1111111111111110e-01 5.5555555555555558e-01 3.5995187284624558e-02 
2.2222222222222221e-01 5.5555555555555558e-01 6.1867454033129363e-02 
3.3333333333333331e-01 5.5555555555555558e-01 7.9370755476485533e-02 
0.0000000000000000e+00 6.6666666666666663e-01 0.0000000000000000e+00 
1.1111111111111110e-01 6.6666666666666663e-01 3.3856968800852580e-02 
2.2222222222222221e-01 6.6666666666666663e-01 5.7965964639995281e-02 
3.3333333333333331e-01 6.6666666666666663e-01 7.4339944495307730e-02 
0.0000000000000000e+00 6.6666666666666663e-01 0.0000000000000000e+00 
1.1111111111111110e-01 6.6666666666666663e-01 3.3856968800852580e-02 
2.2222222222222221e-01 6.6666666666666663e-01 5.7965964639995281e-02 
3.3333333333333331e-01 6.6666666666666663e-01 7.4339944495307730e-02 
0.0000000000000000e+00 7.7777777777777779e-01 0.0000000000000000e+00 
1.1111111111111110e-01 7.7777777777777779e-01 2.8386861793144581e-02 
2.2222222222222221e-01 7.7777777777777779e-01 4.7912333943916634e-02 
3.3333333333333331e-01 7.7777777777777779e-01 6.1094024576568151e-02 
0.0000000000000000e+00 8.8888888888888884e-01 0.0000000000000000e+00 
1.1111111111111110e-01 8.8888888888888884e-01 1.8285593992971073e-02 
2.2222222222222221e-01 8.8888888888888884e-01 2.9646797449644414e-02 
3.3333333333333331e-01 8.8888888888888884e-01 3.7346767867972051e-02 
0.0000000000000000e+00 1.0000000000000000e+00 0.0000000000000000e+00 
1.1111111111111110e-01 1.0000000000000000e+00 0.0000000000000000e+00 
2.2222222222222221e-01 1.0000000000000000e+00 0.0000000000000000e+00 
3.3333333333333331e-01 1.0000000000000000e+00 0.0000000000000000e+00 
0.0000000000000000e+00 6.6666666666666663e-01 0.0000000000000000e+00 
1.1111111111111110e-01 6.6666666666666663e-01 3.3856968800852580e-02 
2.2222222222222221e-01 6.6666666666666663e-01 5.7965964639995281e-02 
3.3333333333333331e-01 6.6666666666666663e-01 7.4339944495307730e-02 
0.0000000000000000e+00 7.7777777777777779e-01 0.0000000000000000e+00 
1.1111111111111110e-01 7.7777777777777779e-01 2.8386861793144581e-02 
2.2222222222222221e-01 7.7777777777777779e-01 4.7912333943916634e-02 
3.3333333333333331e-01 7.7777777777777779e-01 6.1094024576568151e-02 
0.0000000000000000e+00 8.8888888888888884e-01 0.0000000000000000e+00 
1.1111111111111110e-01 8.8888888888888884e-01 1.8285593992971073e-02 
2.2222222222222221e-01 8.8888888888888884e-01 2.9646797449644414e-02 
3.3333333333333331e-01 8.8888888888888884e-01 3.7346767867972051e-02 
0.0000000000000000e+00 1.0000000000000000e+00 0.0000000000000000e+00 
1.1111111111111110e-01 1.0000000000000000e+00 0.0000000000000000e+00 
2.2222222222222221e-01 1.0000000000000000e+00 0.0000000000000000e+00 
3.3333333333333331e-01 1.0000000000000000e+00 0.0000000000000000e+00 
0.0000000000000000e+00 6.6666666666666663e-01 0.0000000000000000e+00 
1.1111111111111110e-01 6.6666666666666663e-01 3.3856968800852580e-02 
2.2222222222222221e-01 6.6666666666666663e-01 5.7965964639995281e-02 
3.3333333333333331e-01 6.6666666666666663e-01 7.4339944495307730e-02 
0.0000000000000000e+00 7.7777777777777779e-01 0.0000000000000000e+00 
1.1111111111111110e-01 7.7777777777777779e-01 2.8386861793144581e-02 
2.2222222222222221e-01 7.7777777777777779e-01 4.7912333943916634e-02 
3.3333333333333331e-01 7.7777777777777779e-01 6.1094024576568151e-02 
0.0000000000000000e+00 8.8888888888888884e-01 0.0000000000000000e+00 
1.1111111111111110e-01 8.8888888888888884e-01 1.8285593992971073e-02 
2.2222222222222221e-01 8.8888888888888884e-01 2.9646797449644414e-02 
3.3333333333333331e-01 8.8888888888888884e-01 3.7346767867972051e-02 
0.0000000000000000e+00 1.0000000000000000e+00 0.0000000000000000e+00 
1.1111111111111110e-01 1.0000000000000000e+00 0.0000000000000000e+00 
2.2222222222222221e-01 1.0000000000000000e+00 0.0000000000000000e+00 
3.3333333333333331e-01 1.0000000000000000e+00 0.0000000000000000e+00 
